
strategic_region={
	id=102
	name="STRATEGICREGION_NAME_102"
	weather = {
	}
	provinces={
		5283 5305 5306 5324 5332 5367 5368 5409 5410 5454 5462 5472 5505 5516 5533 5534 5542 5559 5583 5586 5606 5607 5622 5639 5640 5641 5666 5667 5668 5685 5691 5712 5742 5745 5750 5768 5773 5779 5787 5788 5813 5825 5835 5836 5851 5858 5880 5892 5893 5899 5900 5911 5931 5940 5941 5946 5958 5965 5966 5969 5970 5973 5983 5984 5988 5994 6006 6014 6015 6021 6022 6026 6027 6039 6046 6047 6048 6051 6059 6069 6082 6083 6091 6092 6114 6115 6140 6152 6153 6159 6160 6165 6182 6188 6192 6232 6239 6240 6252 6265 6279 
	}
}
