
strategic_region={
	id=103
	name="STRATEGICREGION_NAME_103"
	weather = {
	}
	provinces={
		5418 5502 5503 5514 5532 5556 5568 5591 5592 5593 5594 5616 5631 5658 5663 5664 5681 5682 5694 5695 5704 5725 5730 5744 5748 5749 5765 5766 5786 5792 5797 5808 5822 5823 5824 5834 5839 5849 5864 5877 5878 5884 5889 5910 5920 5921 5923 5924 5937 5947 5956 5963 5964 5968 5972 6009 6010 6011 6012 6024 6025 6036 6037 6050 6068 6090 6097 6098 6104 6105 6128 6137 6144 6147 6151 6157 6158 6171 6176 6177 6181 6201 6202 6210 6211 6229 6230 6235 6236 6237 6250 6251 6263 6273 6274 6275 6276 6277 6285 6286 6301 6311 6323 6324 6325 6334 6335 6340 6350 6361 6362 6371 6390 6396 6405 6418 6419 6424 6430 6437 6479 6486 6491 6519 6525 6538 6557 6580 6592 6615 6616 6625 6642 6678 6724 
	}
}
