
strategic_region={
	id=106
	name="STRATEGICREGION_NAME_106"
	weather = {
	}
	provinces={
		5675 5676 5705 5747 5759 5777 5780 5820 5828 5830 5840 5844 5860 5866 5867 5874 5885 5886 5895 5907 5917 5927 5933 5934 5943 5959 5960 5978 5979 5980 5991 5992 5996 5999 6007 6008 6017 6030 6066 6085 6093 6094 6110 6120 6125 6130 6131 6132 6133 6142 6180 6185 6196 6197 6198 6209 6215 6219 6220 6221 6245 6260 6270 6284 6291 6297 6307 6321 6328 6337 6357 6369 6379 6385 6386 6393 6401 6402 6408 6426 6447 6448 6449 6468 6469 6475 6482 6495 6506 6507 6516 6517 6528 6534 6552 6555 6562 6572 6573 6574 6589 6623 6624 6638 6639 6640 6646 6647 6654 6667 6668 6671 6672 6692 6716 6717 6718 6735 6736 6744 6752 6764 6765 6778 6779 6798 6799 6800 6822 6823 6842 6843 6854 6855 6876 6879 6880 6894 6895 6905 6906 6921 6922 6965 6966 6974 6975 6976 6982 6983 6984 6988 6989 6996 7006 7007 7015 7030 7038 7039 7056 7073 7074 7075 7079 7080 7087 7117 7124 7144 7183 7205 7260 7326 9885 12825 13594 
	}
}
