
strategic_region={
	id=109
	name="STRATEGICREGION_109"
	provinces={
		6081 6139 6164 6187 6203 6212 6231 6264 6278 6287 6303 6312 6314 6315 6316 6341 6342 6363 6364 6365 6373 6374 6398 6406 6410 6420 6421 6431 6432 6441 6442 6452 6471 6472 6473 6487 6492 6501 6502 6512 6513 6542 6543 6544 6550 6558 6559 6560 6567 6587 6594 6595 6599 6607 6608 6620 6632 6633 6644 6652 6658 6666 6669 6680 6681 6682 6697 6698 6699 6700 6725 6732 6756 6767 6768 6775 6787 6788 6795 6796 6818 6819 6832 6839 6840 6848 6857 6875 6882 6883 6891 6902 6916 6942 6943 6955 6973 7002 7010 7011 7019 7020 7021 7022 7029 7053 7092 7149 
	}
	naval_terrain=water_fjords
	weather={
	}
}
