
strategic_region={
	id=110
	name="STRATEGICREGION_110"
	provinces={
		6145 6208 6269 6295 6327 6348 6368 6378 6400 6425 6435 6467 6481 6488 6514 6515 6636 6637 6653 6660 6691 6742 6743 6750 6751 6763 6812 6835 6912 6919 6920 6935 6947 6948 6949 6964 7025 7068 7069 7070 7099 7156 7157 7169 7170 7204 7258 7267 7272 7280 7288 7297 7312 7324 7337 7370 7396 7408 7419 7420 7431 7449 7465 7477 7493 7503 7510 7525 7526 7527 7531 7532 7533 7571 7581 7593 7618 7626 7627 7645 7657 7668 7703 7704 7714 7725 7736 7753 7826 7827 7828 7833 7871 7903 7957 
	}
	weather={
	}
}
