
strategic_region={
	id=115
	name="STRATEGICREGION_115"
	provinces={
		6349 6358 6383 6403 6409 6416 6462 6476 6518 6556 6563 6575 6597 6610 6611 6704 6705 6710 6720 6737 6738 6739 6745 6746 6766 6783 6814 6830 6836 6844 6862 6888 6896 6907 6913 6936 6937 6938 6952 6978 6990 7008 7031 7032 7041 7042 7059 7076 7077 7081 7088 7101 7112 7145 7151 7162 7163 7164 7186 7202 7217 7224 7241 7254 7255 7262 7263 7301 7314 7322 7328 7334 7354 7371 7379 7384 7388 7393 7432 7433 7453 7468 7469 7470 7487 7505 7506 7516 7517 7541 7553 7578 7582 7590 7597 7604 7611 7622 7628 7637 7651 7660 7661 7670 7671 7681 7710 7720 7729 7738 7744 7760 7761 7770 7771 7776 7801 7802 7803 7816 7821 7837 7844 7874 7885 7894 7905 7914 7934 7963 7979 7980 7994 8034 8042 8046 8047 8073 8123 8124 8138 8165 8169 8180 8211 8212 8222 8241 8244 8164 8221
	}
	weather={
	}
}
