
strategic_region={
	id=117
	name="STRATEGICREGION_NAME_117"
	weather = {
	}
	provinces={
		6569 6570 6603 6629 6635 6645 6659 6689 6690 6701 6741 6749 6759 6760 6761 6762 6769 6811 6834 6849 6850 6851 6852 6859 6886 6904 6918 6930 6946 6957 6963 6969 6970 7004 7013 7014 7024 7035 7036 7037 7055 7062 7078 7096 7097 7098 7109 7142 7143 7178 7179 7180 7181 7192 7193 7194 7200 7220 7227 7238 7239 7252 7265 7266 7285 7286 7287 7295 7296 7332 7345 7346 7347 7348 7349 7369 7381 7382 7385 7395 7406 7407 7429 7430 7438 7439 7445 7446 7448 7456 7464 7484 7523 7524 7538 7539 7559 7588 7603 7617 7634 7690 
	}
}
