
strategic_region={
	id=118
	name="STRATEGICREGION_NAME_118"
	weather = {
	}
	provinces={
		6758 6789 6808 6833 6841 6892 6893 6903 6917 6928 6929 6945 6956 6962 6980 6986 7003 7012 7023 7034 7051 7066 7067 7085 7093 7094 7095 7108 7116 7128 7129 7141 7155 7176 7177 7190 7191 7213 7214 7232 7236 7237 7244 7245 7246 7278 7279 7294 7305 7319 7330 7331 7336 7344 7360 7368 7373 7392 7417 7418 7424 7425 7426 7437 7442 7444 7460 7461 7462 7476 7482 7492 7502 7521 7522 7537 7542 7543 7544 7556 7569 7570 7573 7586 7600 7601 7602 7606 7607 7616 7633 7641 7652 7653 7654 7676 7688 7689 7694 7695 7700 7713 7724 7734 7735 7741 7750 7751 7763 7779 7780 7781 7788 7805 7817 7838 7850 7851 7852 7853 7858 7865 7877 7888 7909 7910 7915 7921 7922 7935 7936 7954 7961 7970 7977 7984 8006 8011 8012 8020 8027 8028 8037 8045 8050 8059 8076 8083 8084 8094 8108 8109 8125 8130 8131 8134 8135 8174 8195 8200 8201 8205 8242 8269 8275 8276 8318 8325 8358 8380 8394 8414 8442 
	}
}
