
strategic_region={
	id=128
	name="STRATEGICREGION_NAME_128"
	weather = {
	}
	provinces={
		7938 8093 8151 8156 8170 8172 8185 8223 8236 8260 8271 8291 8292 8300 8314 8327 8332 8368 8369 8383 8392 8429 8433 8453 8463 8464 8474 8501 8518 8523 8524 8539 8564 8577 8600 8615 8632 8633 8675 8709 8714 8720 8721 8732 8743 8748 8751 8786 8814 8832 8842 8853 8856 8863 8864 8868 8882 8896 8899 8902 8931 8937 8948 8968 8974 8979 8996 9016 9037 9045 9055 9063 9076 9084 9089 9138 9144 9157 9167 9171 9196 9204 9214 9221 9254 9255 9274 9289 9290 9304 9321 9324 9358 9362 9366 9376 9380 9407 9411 9454 9461 9535 9537 9608 
	}
}
