
strategic_region={
	id=129
	name="STRATEGICREGION_NAME_129"
	weather = {
	}
	provinces={
		8019 8075 8159 8160 8194 8199 8204 8208 8209 8216 8232 8238 8268 8272 8273 8274 8282 8301 8310 8312 8316 8317 8324 8334 8341 8350 8354 8360 8361 8370 8371 8372 8387 8393 8401 8402 8405 8406 8416 8417 8421 8422 8431 8434 8441 8445 8460 8465 8467 8468 8480 8481 8484 8485 8492 8497 8503 8504 8519 8520 8525 8526 8527 8541 8547 8553 8554 8558 8568 8572 8578 8579 8580 8584 8589 8593 8605 8610 8651 8652 8655 8664 8670 8705 8715 8744 8766 8777 8806 
	}
	naval_terrain=water_fjords
}
