
strategic_region={
	id=140
	name="STRATEGICREGION_NAME_140"
	weather = {
	}
	provinces={
		8704 8753 8776 8800 8828 8834 8835 8840 8850 8854 8857 8878 8886 8889 8903 8908 8911 8920 8932 8933 8934 8938 8944 8949 8953 8962 8965 8967 8980 8982 8983 8989 8990 9000 9003 9006 9017 9019 9025 9026 9031 9038 9039 9041 9042 9047 9064 9067 9068 9071 9085 9086 9092 9097 9106 9110 9122 9126 9127 9132 9139 9140 9149 9154 9160 9163 9168 9180 9188 9191 9200 9203 9205 9206 9228 9240 9248 9251 9266 9273 9277 9280 9281 9285 9291 9294 9295 9306 9307 9323 9325 9333 9336 9337 9344 9346 9351 9352 9355 9364 9367 9371 9381 9390 9393 9402 9416 9424 9429 9433 9435 9460 9462 9465 9468 9472 9493 9494 9507 9536 9563 9610 
	}
}
