
strategic_region={
	id=142
	name="STRATEGICREGION_142"
	provinces={
		8925 8970 8991 9001 9011 9014 9043 9048 9049 9051 9052 9061 9072 9073 9080 9087 9090 9098 9099 9108 9114 9117 9118 9119 9128 9141 9145 9150 9155 9161 9164 9170 9172 9174 9181 9182 9192 9197 9207 9209 9217 9218 9219 9226 9227 9237 9243 9252 9256 9257 9260 9264 9268 9276 9282 9293 9296 9300 9305 9310 9312 9314 9326 9327 9329 9334 9338 9339 9341 9347 9353 9356 9368 9370 9377 9378 9382 9383 9391 9392 9394 9397 9403 9404 9408 9409 9410 9417 9425 9426 9428 9430 9434 9436 9440 9444 9451 9455 9456 9459 9463 9467 9473 9477 9488 9494 9495 9499 9501 9502 9508 9509 9510 9512 9513 9515 9518 9522 9523 9527 9544 9548 9549 9553 9555 9564 9575 9576 9577 9578 9583 9584 9590 9591 9601 9604 9612 9613 9614 9620 9622 9633 9634 9645 9654 9655 9656 9662 9663 9678 9679 9688 9689 9695 9699 9711 9713 9719 9727 9732 9746 9749 9751 9752 9753 9760 9763 9764 9781 9795 9800 9805 9807 9814 9815 9816 9835 9836 9841 9849 9850 9852 9864 9874 9888 9893 9898 9902 9908 9913 9914 9918 9934 9938 9939 9953 9957 9962 9970 9982 9983 10014 10024 10025 10031 10042 10043 10044 10045 10046 10054 10089 10102 10108 10114 10124 10135 10146 10151 10154 10157 10173 10181 10189 10198 10225 10234 10235 10236 10256 10270 10278 10310 10336 
	}
	weather={
	}
}
