
strategic_region={
	id=147
	name="STRATEGICREGION_147"
	provinces={
		9450 9471 9506 9525 9526 9562 9566 9570 9580 9603 9618 9619 9630 9631 9632 9639 9652 9669 9670 9692 9694 9708 9716 9717 9718 9744 9745 9759 9765 9773 9777 9786 9804 9826 9829 9833 9834 9840 9848 9851 9871 9872 9907 9912 9921 9933 9936 9937 9956 9961 9964 9981 9996 10002 10003 10013 10021 10036 10073 10083 10088 10095 10104 10107 10113 10123 10133 10134 10144 10145 10169 10170 10180 10199 10202 10212 10219 10228 10240 10255 10259 10260 10269 10277 10287 10296 10300 10303 10317 10325 10331 10345 10349 10353 10357 10358 10362 10363 10364 10365 10369 10378 10404 10422 10432 10446 10461 10462 10466 10467 10477 10479 10483 10501 10502 10507 10523 10544 10556 10574 10582 10583 10585 10587 10594 10610 10622 10631 10690 
	}
	weather={
	}
}
