
strategic_region={
	id=151
	name="STRATEGICREGION_151"
	provinces={
		9582 9586 9593 9607 9609 9611 9625 9626 9629 9643 9646 9647 9651 9657 9660 9667 9668 9672 9675 9676 9680 9683 9685 9686 9693 9697 9698 9701 9706 9709 9710 9712 9714 9723 9724 9725 9726 9728 9730 9736 9739 9740 9747 9748 9754 9756 9757 9761 9762 9770 9774 9783 9784 9788 9792 9796 9797 9809 9810 9811 9818 9831 9838 9853 9854 9858 9859 9863 9875 9896 9899 9903 9904 9905 9923 9927 9928 9951 9966 9977 9989 10007 10018 
	}
	weather={
	}
}
