
strategic_region={
	id=161
	name="STRATEGICREGION_161"
	provinces={
		10267 10324 10368 10397 10429 10496 10499 10500 10525 10526 10528 10549 10550 10555 10568 10572 10577 10578 10613 10617 10634 10635 10654 10655 10662 10665 10707 10723 10736 10751 10757 10772 10823 10846 10847 10860 10865 10890 10925 10926 10937 10954 10974 10975 10995 11010 11029 11060 11097 11101 11109 11125 11151 11169 11239 11266 11309 11366 11390 11404 11405 11406 11430 11565 11568 11601 11617 11625 11626 11649 11750 11789 11833 11851 11871 11888 11908 11980 12012 12028 12101 12160 12169 12185 12186 12286 12320 12416 12440 12477 12620 12621 12629 12702 
	}
	weather={
	}
}
