
strategic_region={
	id=162
	name="STRATEGICREGION_NAME_162"
	weather = {
	}
	provinces={
		10490 10508 10560 10573 10601 10625 10627 10632 10656 10673 10676 10693 10708 10755 10762 10770 10774 10815 10822 10831 10854 10869 10879 10883 10907 10915 10920 10932 10939 10982 10988 10996 11024 11030 11031 11050 11126 11127 11145 11152 11153 11236 11240 11254 11270 11291 11292 11316 11353 11416 11421 11422 11432 11464 11473 11494 11504 11509 11529 11546 11569 11575 11611 11623 11627 11632 11653 11671 11672 11674 11694 11744 11753 11772 11784 11798 11802 11811 11820 11825 11826 11872 11879 11931 11932 11939 11949 11981 11985 12009 12030 12038 12072 12077 12091 12106 12115 12116 12119 12174 12192 12195 12212 12217 12218 12227 12268 12282 12296 12302 12313 12353 12354 12361 12370 12373 12392 12407 12441 12463 12466 
	}
}
