
strategic_region={
	id=164
	name="STRATEGICREGION_NAME_164"
	weather = {
	}
	provinces={
		10571 10584 10602 10620 10636 10648 10661 10675 10689 10698 10712 10740 10741 10747 10760 10778 10801 10802 10868 10875 10876 10895 10928 10938 10965 10968 11040 11061 11068 11076 11090 11102 11114 11138 11144 11215 11245 11253 11287 11338 11352 11385 11394 11431 11440 11447 11471 11472 11483 11488 11533 11550 11610 11618 11622 11703 11725 11727 11728 11736 11790 11818 11819 11852 11866 11897 11913 11938 11957 12025 12029 12047 12051 12076 12123 12161 12173 12177 12221 12259 12281 12295 12306 12387 12430 12456 
	}
}
