
strategic_region={
	id=166
	name="STRATEGICREGION_166"
	provinces={
		10638 10643 10647 10650 10653 10663 10664 10686 10688 10692 10700 10703 10704 10710 10725 10744 10748 10758 10763 10771 10773 10775 10780 10795 10807 10809 10816 10827 10832 10835 10843 10849 10852 10855 10863 10866 10870 10877 10887 10896 10901 10904 10905 10910 10913 10923 10929 10933 10934 10940 10942 10947 10951 10976 10983 10984 10985 10990 10991 10997 11004 11011 11017 11037 11044 11051 11073 11081 11082 11083 11091 11110 11111 11115 11130 11146 11147 11154 11162 11163 11164 11165 11172 11174 11180 11187 11192 11196 11202 11207 11223 11224 11226 11230 11237 11255 11259 11285 11308 11310 11311 11317 11339 11354 11374 11386 11399 11400 11407 11423 11433 11445 11448 11451 11489 11495 11505 11515 11519 11530 11563 11570 11582 11588 11633 11637 11656 11657 11667 11686 11691 11704 11715 11716 11723 11733 11761 11767 11777 11827 11858 11927 
	}
	weather={
	}
}
