
strategic_region={
	id=167
	name="STRATEGICREGION_167"
	provinces={
		10639 10644 10651 10659 10674 10678 10679 10681 10682 10685 10695 10696 10699 10701 10702 10705 10706 10711 10714 10716 10717 10721 10724 10726 10732 10733 10734 10738 10745 10746 10749 10750 10753 10754 10756 10761 10764 10765 10766 10767 10776 10777 10782 10783 10791 10792 10793 10794 10796 10798 10799 10800 10805 10806 10808 10810 10811 10813 10814 10818 10819 10820 10821 10824 10825 10826 10828 10829 10830 10833 10834 10837 10838 10839 10842 10844 10850 10857 10861 10862 10864 10872 10880 10881 10889 10897 10898 10900 10902 10906 10908 10911 10912 10917 10921 10930 10944 10956 10978 
	}
	weather={
	}
}
