
strategic_region={
	id=172
	name="STRATEGICREGION_172"
	provinces={
		10840 10845 10851 10853 10858 10867 10873 10874 10885 10891 10892 10893 10894 10903 10909 10918 10922 10924 10927 10935 10936 10941 10945 10946 10949 10950 10966 10967 10970 10971 10972 10973 10979 10987 10989 10992 10993 10994 10998 10999 11002 11003 11007 11008 11013 11014 11015 11016 11020 11021 11022 11027 11038 11039 11041 11042 11047 11048 11049 11052 11053 11054 11055 11057 11063 11064 11070 11071 11072 11086 11087 11088 11089 11094 11099 11100 11105 11106 11112 11113 11116 11117 11118 11119 11122 11128 11139 11140 11150 11167 11176 11190 11210 
	}
	weather={
	}
}
