
strategic_region={
	id=179
	name="STRATEGICREGION_179"
	provinces={
		11225 11280 11318 11330 11378 11401 11417 11459 11465 11479 11490 11499 11502 11506 11534 11538 11543 11554 11577 11578 11589 11590 11594 11612 11619 11628 11638 11650 11658 11659 11675 11697 11705 11717 11718 11729 11745 11746 11762 11768 11774 11778 11781 11799 11807 11808 11821 11834 11835 11836 11839 11855 11859 11865 11874 11889 11890 11894 11898 11899 11903 11909 11928 11929 11933 11934 11935 11944 11945 11958 11971 11977 11978 11986 11989 11990 11991 11996 12003 12004 12015 12016 12017 12027 12031 12032 12039 12043 12048 12049 12052 12060 12067 12073 12079 12080 12081 12085 12094 12095 12096 12102 12108 12112 12113 12124 12127 12129 12130 12136 12142 12146 12147 12148 12150 12151 12156 12176 12178 12183 12193 12196 12203 12204 12208 12229 12243 12246 12258 12264 
	}
	weather={
	}
}
