
strategic_region={
	id=185
	name="STRATEGICREGION_NAME_185"
	weather = {
	}
	provinces={
		11773 11864 11873 11883 11893 11914 11924 11967 11970 11975 11976 11987 11995 12014 12026 12056 12066 12078 12092 12093 12107 12111 12120 12162 12170 12171 12172 12213 12222 12228 12242 12245 12260 12269 12272 12287 12289 12297 12309 12310 12321 12325 12332 12334 12336 12337 12338 12342 12349 12357 12374 12376 12381 12382 12383 12388 12393 12395 12396 12403 12404 12409 12412 12418 12420 12424 12431 12433 12442 12447 12448 12452 12454 12455 12457 12458 12459 12464 12472 12481 12482 12483 12487 12488 12491 12498 12506 12508 12512 12514 12522 12523 12528 12529 12530 12532 12533 12534 12545 12550 12557 12565 12569 12570 12571 12582 12583 12584 12586 12589 12590 12592 12596 12599 12604 12606 12609 12610 12611 12612 12622 12631 12632 12633 12636 12640 12641 12644 12645 12648 12654 12655 12656 12657 12659 12660 12661 12663 12665 12671 12672 12673 12674 12675 12683 12686 12689 12690 12691 12692 12693 12694 12696 12697 12699 12700 12705 12707 12708 12709 12710 12713 12716 12717 12719 12723 12724 12736 12738 12739 12741 12742 12744 12747 12748 12754 12755 12756 12757 12761 12762 12763 12767 12768 12773 12774 12776 12777 12780 12781 12786 12787 12790 12791 12792 12793 12795 12798 12802 12806 12807 12808 12811 12812 12817 12827 12828 12833 12838 12839 12841 12844 12845 12846 12847 12848 12853 12855 12856 12863 12866 12867 12876 12877 12878 12883 12887 12890 12898 12899 12900 12908 12909 12910 12913 12914 12923 12924 12930 12931 12932 12942 12943 12946 12948 12949 12955 12961 12963 12966 12970 12980 12983 12993 12996 13007 13013 13014 13021 13030 13031 13034 13042 13043 13058 13064 13067 13077 13083 13103 13121 
	}
}
