
strategic_region={
	id=187
	name="STRATEGICREGION_NAME_187"
	weather = {
	}
	provinces={
		11886 11920 11936 11952 11955 11973 11979 11997 12001 12006 12007 12013 12020 12033 12034 12045 12046 12050 12054 12055 12057 12058 12061 12062 12063 12068 12075 12082 12087 12088 12089 12090 12098 12103 12109 12110 12118 12121 12125 12126 12128 12132 12133 12137 12138 12144 12145 12149 12153 12158 12159 12164 12165 12166 12167 12168 12179 12180 12188 12189 12194 12198 12199 12200 12201 12206 12210 12214 12219 12220 12224 12231 12232 12238 12239 12247 12250 12251 12252 12254 12255 12262 12266 12267 12270 12274 12275 12285 12290 12292 12301 12303 12304 12308 12314 12315 12316 12317 12318 12323 12328 12329 12339 12345 12346 12350 12351 12352 12356 12358 12359 12362 12367 12368 12371 12377 12379 12384 12385 12386 12390 12399 12400 12401 12410 12411 12414 12415 12421 12422 12426 12427 12429 12432 12434 12437 12444 12449 12453 12460 12468 12469 12478 12479 12484 12507 12509 12515 12525 12535 12558 12559 12576 
	}
	naval_terrain=water_fjords
}
