
strategic_region={
	id=194
	name="STRATEGICREGION_194"
	provinces={
		12348 12417 12538 12544 12556 12575 12579 12603 12635 12643 12679 12698 12703 12740 12746 12766 12769 12785 12789 12810 12843 12858 12862 12871 12881 12882 12889 12897 12905 12907 12919 12926 12929 12938 12939 12941 12958 12960 12967 12971 12974 12979 12982 12992 13001 13002 13005 13006 13012 13015 13018 13020 13023 13029 13032 13037 13038 13040 13045 13047 13048 13053 13054 13063 13065 13066 13068 13074 13076 13078 13079 13086 13087 13089 13090 13091 13092 13093 13100 13104 13110 13113 13114 13119 13120 13125 13126 13128 13131 13132 13133 13136 13138 13139 13142 13144 13145 13150 13152 13153 13158 13159 13162 13163 13164 13167 13168 13170 13176 13177 13181 13182 13184 13188 13189 13193 13195 13196 13197 13198 13202 13203 13206 13213 13214 13217 13219 13222 13224 13226 13227 13231 13232 13234 13235 13238 13241 13244 13245 13246 13248 13250 13252 13253 13258 13261 13268 13269 13272 13281 13283 13286 13289 13290 13292 13296 13299 13302 13303 13304 13310 13314 13317 13319 13320 13327 13389 
	}
	weather={
	}
}
