
strategic_region={
	id=30
	name="STRATEGICREGION_30"
	provinces={
		1132 1138 1156 1159 1166 1172 1175 1184 1188 1190 1201 1206 1207 1215 1225 1233 1237 1238 1239 1245 1265 1270 1273 1275 1281 1292 1296 1297 1302 1310 1316 1317 1325 1326 1329 1330 1333 1345 1346 1349 1352 1355 1364 1366 1367 1368 1369 1370 1377 1383 1384 1389 1393 1397 1402 1407 1413 1414 1419 1424 1432 1437 1438 1444 1445 1457 1468 1483 1487 1502 1514 1522 1535 1544 1545 1562 1569 1590 1620 1649 1657 1675 1684 1687 1696 1707 1708 1716 1736 
	}
	weather={
	}
}
