
strategic_region={
	id=50
	name="STRATEGICREGION_NAME_050"
	weather = {
	}
	provinces={
		2632 2634 2637 2640 2646 2658 2675 2676 2677 2680 2683 2695 2698 2699 2707 2711 2713 2714 2716 2717 2721 2725 2731 2734 2735 2740 2742 2746 2748 2749 2751 2755 2756 2761 2764 2765 2766 2770 2774 2775 2778 2779 2782 2783 2785 2788 2790 2792 2793 2796 2798 2800 2802 2803 2804 2807 2808 2810 2811 2812 2813 2820 2823 2824 2825 2830 2832 2833 2834 2836 2837 2838 2839 2840 2841 2844 2845 2848 2849 2850 2851 2853 2854 2855 2856 2859 2860 2864 2868 2870 2871 2872 2873 2874 2877 2878 2879 2880 2882 2883 2884 2885 2887 2888 2890 2891 2895 2896 2897 2901 2902 2905 2906 2907 2908 2909 2912 2913 2914 2915 2917 2918 2921 2924 2925 2931 2932 2933 2934 2935 2938 2940 2941 2942 2944 2945 2946 2947 2948 2949 2950 2951 2955 2957 2960 2963 2964 2965 2968 2970 2971 2972 2973 2975 2976 2977 2978 2980 2982 2985 2986 2987 2990 2991 2995 2996 3001 3002 3003 3005 3007 3008 3011 3013 3014 3016 3019 3020 3021 3022 3025 3027 3028 3029 3031 3033 3038 3041 3042 3044 3048 3049 3051 3052 3053 3058 3064 3065 3068 3069 3071 3079 3082 3087 3090 3095 3096 3104 3106 3115 3122 3131 3134 3137 3142 3149 3155 
	}
}
