
strategic_region={
	id=61
	name="STRATEGICREGION_202"
	provinces={
		12940 12964 12984 12994 12995 12998 12999 13000 13008 13011 13022 13024 13025 13026 13033 13035 13039 13049 13056 13069 13075 13080 13081 13082 13084 13101 13107 13108 13129 13134 13151 13155 13156 13160 13169 13171 13178 13185 13190 13194 13199 13200 13205 13208 13211 13218 13225 13228 13236 13239 13240 13255 13263 13270 13273 13275 13276 13287 13293 13294 13295 13298 13301 13305 13306 13311 13315 13321 13322 13324 13326 13328 13329 13330 13331 13335 13340 13341 13345 13349 13350 13351 13352 13354 13360 13361 13365 13370 13373 13374 13375 13383 13393 13394 13406 13407 13425 13431 13433 13438 13443 13458 13486 
	}
	weather={
	}
}
