
strategic_region={
	id=67
	name="STRATEGICREGION_67"
	provinces={
		3390 3395 3396 3397 3398 3404 3407 3409 3412 3413 3415 3417 3418 3420 3421 3423 3427 3428 3429 3433 3435 3436 3437 3439 3440 3441 3442 3445 3447 3448 3454 3457 3459 3460 3461 3463 3468 3469 3471 3477 3478 3480 3482 3483 3487 3489 3490 3492 3494 3495 3502 3505 3507 3514 3518 3521 3525 3536 3539 3544 3545 3557 3561 3573 3595 3608 3618 3626 3645 3647 3670 3689 3703 3717 3730 3749 3767 3796 3805 3806 3813 3819 3839 3870 3882 3907 3911 3921 3940 3953 3964 3969 3989 4010 4022 4030 4037 4044 4056 4063 4066 4073 4092 4093 4097 4098 4103 4118 4131 4138 4143 4151 4157 4161 4165 4166 4171 4172 4210 4214 4217 4218 4224 4242 4246 4250 4258 4267 4274 4292 4300 4301 4310 4313 4343 
	}
	weather={
	}
}
