
strategic_region={
	id=81
	name="STRATEGICREGION_81"
	provinces={
		3815 3831 3855 3864 3885 3899 3904 3924 3942 3947 3957 3962 3986 3996 4003 4006 4026 4028 4029 4034 4035 4042 4046 4052 4068 4069 4070 4075 4076 4077 4078 4079 4084 4085 4091 4094 4095 4104 4105 4106 4108 4109 4112 4115 4116 4120 4122 4123 4127 4128 4129 4130 4132 4136 4137 4139 4140 4144 4147 4153 4154 4159 4160 4162 4163 4168 4169 4173 4174 4178 4179 4180 4185 4186 4190 4192 4193 4197 4198 4200 4202 4203 4204 4205 4206 4213 4215 4220 4221 4226 4227 4228 4230 4231 4232 4235 4241 4244 4245 4247 4248 4251 4252 4254 4255 4259 4260 4262 4263 4264 4271 4272 4278 4279 4280 4281 4284 4285 4288 4289 4294 4297 4298 4306 4309 4311 4317 4318 4323 4324 4329 4330 4333 4334 4339 4340 4341 4346 4347 4348 4350 4351 4352 4358 4363 4364 4365 4366 4369 4372 4373 4374 4378 4382 4384 4385 4386 4391 4392 4393 4396 4397 4400 4404 4407 4408 4413 4418 4419 4423 4424 4425 4430 4431 4433 4437 4438 4443 4444 4447 4454 4459 4460 4461 4462 4465 4466 4467 4468 4473 4474 4475 4481 4482 4487 4488 4497 4503 4511 4512 4513 4517 4518 4519 4520 4525 4526 4529 4530 4535 4536 4552 4553 4554 4557 4563 4567 4574 4575 4576 4583 4585 4594 4615 4625 4631 4646 13743 
	}
	weather={
	}
}
