
strategic_region={
	id=82
	name="STRATEGICREGION_82"
	provinces={
		4135 4145 4146 4148 4152 4158 4167 4176 4183 4189 4199 4201 4211 4212 4225 4229 4240 4243 4253 4256 4257 4268 4269 4283 4287 4293 4296 4302 4303 4314 4315 4316 4326 4327 4328 4337 4338 4345 4353 4357 4361 4362 4368 4371 4376 4395 4399 4405 4406 4410 4411 4412 4417 4435 4436 4440 4441 4446 4451 4452 4453 4472 4485 4489 4494 4495 4498 4499 4515 4522 4523 4533 4541 4546 4547 4559 4560 4561 4571 4578 4579 4587 4598 4603 4607 4618 4622 4629 4630 4643 4644 4645 4647 4653 4654 4663 4680 4681 4684 4698 4699 4704 4708 4709 4715 4717 4734 4741 4749 4750 4751 4757 4766 4775 4783 4784 4785 4795 4805 4811 4812 4826 4827 4839 4849 4850 4858 4859 4868 4869 4886 4887 4899 4904 4910 4918 4927 4939 4944 4956 4975 4996 5001 5018 5025 5058 5133 
	}
	weather={
	}
}
