
strategic_region={
	id=83
	name="STRATEGICREGION_83"
	provinces={
		4277 4321 4332 4336 4344 4355 4356 4367 4370 4375 4381 4390 4402 4403 4416 4420 4421 4427 4432 4450 4457 4463 4471 4478 4484 4490 4491 4493 4521 4528 4538 4539 4540 4545 4555 4564 4570 4577 4586 4596 4597 4606 4628 4634 4638 4641 4642 4659 4662 4667 4679 4687 4693 4697 4703 4707 4748 4756 4761 4765 4773 4774 4790 4824 4825 4847 4848 4866 4867 4894 4895 4917 4925 4926 4937 4938 4970 4974 5000 5016 5017 5024 5047 5057 5064 5069 5100 5111 5112 5121 5123 5124 5132 5168 5183 5189 5190 5226 5227 5245 5260 5261 5284 5285 5286 5294 5302 5303 5336 5341 5363 5377 5383 5384 5396 5420 5436 5437 5449 5450 5456 5463 5464 5474 5483 5493 5509 5517 5527 5537 5545 5546 5547 5550 5599 5600 5618 5642 5643 5644 5645 5653 5702 5720 5727 5734 5751 5757 5758 5769 5789 5790 5795 5818 5827 5854 5855 5894 5904 5905 5906 5916 5922 5932 5942 5950 5951 5985 6016 6029 6040 6041 6049 6075 6076 6077 6109 6148 6170 6179 6190 6214 6244 6259 
	}
	weather={
	}
}
