
strategic_region={
	id=88
	name="STRATEGICREGION_NAME_088"
	weather = {
	}
	provinces={
		4584 4588 4604 4605 4632 4652 4657 4658 4676 4686 4694 4695 4713 4729 4739 4745 4746 4759 4764 4793 4801 4817 4830 4831 4857 4864 4874 4893 4907 4915 4932 4933 4950 4961 4973 4985 4993 4994 4995 5010 5014 5015 5036 5044 5045 5055 5056 5062 5077 5078 5086 5099 5109 5110 5131 5137 5142 5163 5173 5208 5209 5225 5236 5240 5266 5300 5301 5340 5361 5369 5394 5428 5455 5506 5507 5508 5535 5595 5596 5608 5609 5617 5632 5669 5674 5686 5726 5774 5852 
	}
}
