
strategic_region={
	id=9
	name="STRATEGICREGION_NAME_009"
	weather = {
	}
	provinces={
		12816 12822 12947 12973 12997 13003 13016 13027 13036 13046 13050 13055 13072 13085 13094 13095 13102 13118 13124 13130 13135 13140 13143 13147 13165 13174 13179 13187 13207 13209 13230 13237 13247 13264 13278 13279 13282 13285 13300 13312 13316 13323 13325 13336 13344 13346 13355 13358 13366 13367 13371 13380 13386 13388 13391 13402 13403 13416 13417 13422 13427 13430 13434 13440 13442 13444 13445 13450 13451 13467 13468 13471 13474 13477 13487 13488 13496 13497 13500 13503 13511 13512 13519 13522 13528 13529 13533 13536 13538 13541 13545 13554 13558 
	}
	naval_terrain=water_fjords
}
