
strategic_region={
	id=93
	name="STRATEGICREGION_NAME_093"
	weather = {
	}
	provinces={
		4840 4876 4888 4889 4890 4896 4911 4919 4920 4928 4929 4930 4940 4945 4953 4963 4964 4976 4977 4978 4987 4988 4989 5002 5003 5004 5007 5019 5020 5021 5026 5028 5029 5048 5049 5065 5073 5074 5080 5081 5084 5088 5101 5113 5114 5115 5116 5125 5138 5143 5144 5157 5158 5169 5175 5184 5191 5192 5193 5194 5195 5201 5202 5203 5212 5237 5238 5246 5250 5268 5269 5275 5276 5295 5307 5308 5318 5319 5320 5321 5327 5328 5337 5342 5354 5370 5371 5378 5379 5397 5398 5412 5413 5429 5438 5439 5440 5451 5452 5457 5465 5475 5488 5489 5494 5510 5518 5528 5529 5538 5539 5548 5551 5561 5588 5589 5610 5619 5623 5624 5646 5647 5654 5659 5697 5698 5714 5728 5735 5736 5752 5753 5770 5776 5791 5819 5829 
	}
}
