
strategic_region={
	id=96
	name="STRATEGICREGION_NAME_096"
	weather = {
	}
	provinces={
		5039 5052 5094 5095 5118 5127 5129 5135 5140 5145 5146 5150 5152 5161 5170 5177 5178 5179 5187 5197 5198 5205 5213 5214 5215 5220 5231 5232 5233 5247 5248 5263 5264 5272 5278 5279 5280 5290 5297 5311 5312 5313 5314 5322 5330 5338 5339 5346 5347 5357 5358 5359 5372 5373 5374 5386 5387 5404 5405 5406 5407 5408 5417 5423 5424 5425 5426 5427 5430 5445 5446 5447 5453 5459 5468 5486 5497 5498 5499 5500 5501 5512 5513 5520 5521 5522 5523 5524 5526 5541 5549 5554 5555 5566 5567 5578 5579 5580 5585 5602 5603 5611 5612 5615 5621 5628 5629 5630 5651 5657 5661 5662 5673 5680 5688 5693 5700 5717 5718 5719 5729 5739 5763 5778 5806 5807 5838 5848 5863 5872 5897 5898 5936 
	}
}
