1 388 
1 417 
1 451 
1 500 
1 594 
1 627 
1 631 
1 723 
1 810 
1 811 
1 889 
1 898 
1 952 
1 955 
1 1028 
1 1034 
1 1075 
1 1162 
1 1166 
1 1199 
1 1226 
1 1264 
1 1318 
1 1372 
1 1417 
1 1418 
1 1448 
1 1459 
1 1485 
1 1503 
1 1616 
1 1638 
1 1658 
1 1671 
1 1678 
1 1720 
1 1825 
1 1833 
1 1834 
1 1840 
1 1943 
1 2026 
1 2062 
1 2140 
1 2236 
1 2289 
1 2360 
1 2425 
1 2658 
1 2660 
1 2885 
1 2965 
1 2989 
1 3020 
1 3089 
1 3176 
1 3207 
1 3261 
1 3554 
1 3579 
1 3632 
1 3637 
1 3648 
1 3679 
1 3688 
1 3764 
1 3810 
1 3815 
1 3837 
1 3846 
1 3857 
1 3868 
1 3914 
1 3941 
1 3945 
1 3949 
1 4002 
1 4005 
1 4007 
1 4051 
1 4127 
1 4215 
1 4216 
1 4251 
1 4366 
1 4400 
1 4408 
1 4465 
1 4566 
1 4614 
1 4620 
1 4631 
1 4632 
1 4716 
1 4722 
1 4729 
1 4730 
1 4764 
1 4870 
1 4912 
1 5009 
1 5015 
1 5034 
1 5036 
1 5090 
1 5147 
1 5209 
1 5241 
1 5347 
1 5349 
1 5409 
1 5428 
1 5570 
1 5606 
1 5617 
1 5664 
1 5665 
1 5730 
1 5889 
1 5893 
1 5969 
1 5972 
1 6006 
1 6047 
1 6104 
1 6160 
1 6241 
1 6305 
1 6315 
1 6344 
1 6364 
1 6453 
1 6460 
1 6500 
1 6669 
1 6728 
1 6891 
1 6899 
1 7012 
1 7020 
1 7033 
1 7188 
1 7278 
1 7367 
1 7542 
1 7563 
1 7643 
1 7663 
1 7813 
1 7984 
1 8003 
1 8206 
1 8273 
1 8465 
1 8495 
1 8532 
1 8828 
1 8834 
