state={
	id=12
	name="STATE_12"
	provinces={
		5463 8396 8409 3606 5 75 201 265 289 353 390 424 530 532 580 682 747 790 797 812 869 903 1026 1048 1335 1343 1406 1495 1504 1536 1573 1703 1762 1973 2088 2102 2118 2175 2180 2309 2344 2423 2540 2550 2580 2627 2723 2913 3191 3247 3311 3454 3553 3582 3673 3857 3880 4004 4017 4105 4126 4242 4395 4396 4414 4457 4492 4658 4666 4891 5072 5484 5541 5575 5620 5894 6182 6337 6413 6491 6611 6637 6685 6802 6845 6907 7048 7244 7346 7454 7533 7598 7622 7688 7714 7721 7741 7753 7781 7784 7787 7795 7818 7839 7859 7892 7931 7938 7971 7995 7997 8028 8029 8046 8072 8093 8105 8108 8115 8144 8175 8204 8210 8273 8283 8299 8401 8415 
	}
	manpower=5647700       
	buildings_max_level_factor=1.000
	history={
		owner=QUE
		add_core_of=QUE
	}
	state_category = rural    history = { buildings = { infrastructure = 2 industrial_complex = 1 } }
}
