state={
	id=2
	name="STATE_2"
	provinces={
		57 124 258 278 281 534 596 885 979 1108 1143 1151 1168 1177 1222 1259 1308 1334 1708 1742 2025 2083 2390 2600 2601 2643 2726 2898 3027 3173 3816 3877 4835 4931 5361 5490 5543 5752 5805 5822 5885 5922 5983 6104 6336 6383 6405 6408 6867 6888 7262 7433 7442 7540 7541 7542 7543 7564 7576 7593 7597 7601 7627 7633 7640 7651 7658 7666 7670 7676 7693 7701 7772 7788 
	}
	manpower=5434509       
	buildings_max_level_factor=1.000
	history={
		owner=ALA      
		add_core_of=ALA
		buildings = { infrastructure = 2 industrial_complex = 1 dockyard = 1
		1222 = {
			naval_base = 6
		}}
		
	}
	state_category = rural   
}
