state={
	id=203
	name="STATE_203"
	provinces={
		8753 8811 3380 8845 1106 5265 6394 8998 1598 5156 8754 56 655 898 1217 1913 2680 2788 3011 3176 4129 4232 4385 4557 5121 5144 5225 5340 5522 5871 5923 5932 6053 6521 6618 6625 6663 6767 7023 7099 7331 7461 8742 8775 8786 8810 8816 8822 8861 8902 8948 8958 8982 8997 9009 9015 9078 9080 9120 9161 9213 9301 9321 9341 9347 9362 9373 9385 9394 9395 9428 9440 9455 9492 9503 
	}
	manpower=148730962       
	buildings_max_level_factor=1.000
	history={
		owner=ONE  
		add_core_of=ONE
	}
	state_category = metropolis  history = { buildings = { infrastructure = 8 arms_factory = 2  industrial_complex = 4 anti_air_building = 1 air_base = 2 } }
}
