state={
	id=232
	name="STATE_232"
	provinces={
		4537 35 121 140 150 326 409 710 760 816 895 916 919 1097 1111 1126 1196 1267 1296 1444 1589 1669 1691 1725 1822 1907 2232 2241 2381 2397 2434 2465 2468 2621 2637 2647 2722 2763 2786 2867 2900 2974 3065 3302 3328 3346 3395 3447 3488 3583 3680 3712 3790 3843 3887 3980 4051 4071 4094 4219 4253 4295 4314 4400 4456 4576 4634 4712 4756 4796 4842 4852 4856 4872 4910 5182 5494 5528 5660 5667 5815 5824 5883 5933 5990 6034 6052 6400 6466 6626 6762 6815 6875 6957 7018 7074 7236 7409 7519 8964 9050 9059 9084 9110 9119 9122 9153 9158 9191 9200 9224 9233 9250 9262 9279 9308 9329 9334 9349 9356 9371 9392 9393 9434 9444 9445 9454 9457 9463 9469 9470 9495 9502 9510 9547 9548 9571 9572 9574 9605 9623 9628 9642 9661 9669 9700 9701 9721 9733 9756 9765 9772 
	}
	manpower=9576534        
	buildings_max_level_factor=1.000
	history={
		owner=CHI
		add_core_of=CHI
	}
	state_category = rural    history = { buildings = { infrastructure = 2 industrial_complex = 1 } }
}
