state={
	id=27
	name="STATE_27"
	provinces={
		178 406 471 531 704 719 852 1164 1244 1321 1337 1612 1816 2116 2419 2510 2619 2661 2737 3143 3615 3848 3908 3994 4185 4432 4649 4789 4831 4871 5229 5416 5549 5694 5968 6001 6076 6171 6442 6495 6619 6669 6763 6985 7013 7127 7332 7503 7731 7759 7870 7891 7899 7921 7930 7959 7978 7981 8034 8038 8059 8076 8081 8109 8125 8129 8143 
	}
	manpower=6987600      
	buildings_max_level_factor=1.000
	history={
		owner=CAN    
		add_core_of=CAN
	}
	state_category = rural    history = { buildings = { infrastructure = 2 industrial_complex = 1 } }
}
