state={
	id=3
	name="STATE_3"
	provinces={
		5381 310 7711 16 62 84 253 363 433 447 595 672 678 776 1041 1042 1050 1096 1139 1200 1391 1517 1583 1985 2094 2193 2366 2399 2598 2623 2743 2984 3083 3151 3161 3387 3436 3629 3735 3782 4131 4291 5097 5136 5141 5173 5308 5407 5421 5860 6051 6196 6212 6376 6503 6533 7089 7230 7544 7565 7570 7574 7577 7594 7605 7616 7638 7644 7654 7659 7702 7777 7805 7808 7813 7817 7837 7852 7902 7919 7920 
	}
	manpower=934500        
	buildings_max_level_factor=1.000
	history={
		owner=CAS
		add_core_of=CAS
	}
	state_category = pastoral    history = { buildings = { infrastructure = 1  } }
}
