state={
	id=335
	name="STATE_335"
	provinces={
		1102 5938 166 269 472 502 732 888 1069 1147 1226 1260 1269 1401 1596 1616 1634 1670 1898 2217 2317 2529 2577 2748 3150 3256 3661 3740 3863 4211 4369 4591 4600 4748 5147 5266 5589 5794 5837 5959 6079 6197 6289 6310 6390 6416 6569 6706 6759 6909 6917 6997 7016 7134 9357 9388 9396 9418 9432 9447 9496 9523 9524 9531 9543 9544 9550 9559 9573 9612 9619 9627 9629 9633 9640 9657 9663 9671 9672 9697 9709 9714 9715 9742 9752 9762 9769 9774 9775 9779 9830 9834 9842 9868 9876 9881 9954 10054 
	}
	manpower=37698760        
	buildings_max_level_factor=1.000
	history={
		owner=DOS   
		add_core_of=DOS
	}
	state_category = large_city  history = { buildings = { infrastructure = 6 arms_factory = 1   industrial_complex = 5 air_base = 1 } }
}
