state={
	id=4
	name="STATE_4"
	provinces={
		26 87 102 131 133 163 257 266 270 456 523 572 605 621 623 697 742 748 1073 1091 1109 1162 1167 1203 1317 1340 1396 1419 1595 1648 1664 1721 1872 1935 1967 1975 1989 2318 2391 2496 2662 2826 2880 2915 2932 3061 3087 3123 3126 3156 3200 3220 3340 3533 3549 3567 3641 3702 3736 3888 3981 4218 4307 4390 4461 4524 4675 4815 4882 5317 5369 5503 5696 5727 5935 5963 6036 6368 6475 6487 6643 6656 6742 6774 6782 6806 6887 6984 7530 7545 7546 7555 7563 7571 7572 7573 7580 7588 7589 7613 7614 7619 7624 7634 7641 7655 7687 7691 7694 7712 7726 7739 7756 7758 7762 7773 7776 7790 7806 7845 7847 7853 
	}
	manpower=2078900        
	buildings_max_level_factor=1.000
	history={
		owner=CAN    
		add_core_of=CAN
	}
	state_category = pastoral    history = { buildings = { infrastructure = 1  } }
}
