state={
	id=42
	name="STATE_42"
	provinces={
		138 274 284 285 323 360 361 451 750 779 941 1178 1279 1405 1512 1514 1761 1808 2005 2010 2315 2807 2816 2909 3155 3314 3557 3772 4391 4418 4423 4500 4754 4797 4841 4946 5071 5197 5674 5687 5759 5818 5995 6156 6445 6513 6753 7222 7225 7238 7307 7465 7506 7858 7877 7879 7901 7909 7926 7935 7939 7942 7957 7970 7975 7985 7986 7987 8002 8011 8012 8013 8017 8026 8033 8037 8049 8050 8058 8063 8064 8065 8066 8071 8078 8080 8084 8088 8092 8099 8113 8121 8122 8124 8139 8145 8148 8151 8154 8171 8172 8173 
	}
	manpower=7567000        
	buildings_max_level_factor=1.000
	history={
		owner=CAS  
		add_core_of=CAS
		buildings = { infrastructure = 2   
		6156 = {
			naval_base = 5
		}}
	}
	state_category = rural
}
