state={
	id=5
	name="STATE_5"
	provinces={
		23 72 219 248 277 364 610 722 736 915 998 1474 1497 1659 1741 1796 1943 2034 2047 2082 2089 2287 2356 2413 2548 2893 3296 3355 3453 3677 3831 4175 4281 4905 5190 5325 5804 5965 6029 6038 6605 6963 7116 7281 7547 7548 7549 7550 7551 7552 7553 7567 7568 7578 7587 7591 7599 7611 7615 7639 7662 7677 7692 7705 7738 7750 7767 7774 7810 
	}
	manpower=347890       
	buildings_max_level_factor=1.000
	history={
		owner=GRN     
		add_core_of=GRN
	}
	state_category = pastoral    history = { buildings = { infrastructure = 1  } }
}
