state={
	id=53
	name="STATE_53"
	provinces={
		193 295 398 443 617 625 643 647 735 775 796 829 1170 1566 1776 1820 1891 1895 1945 1986 2004 2028 2231 2324 2327 2488 2516 2602 2882 2963 3003 3007 3139 3211 3305 3423 3458 3506 3547 3730 3835 3900 4695 4747 4962 5140 5328 5343 5921 6043 6704 7135 7155 7174 7235 7950 7951 8000 8010 8020 8036 8068 8094 8095 8096 8159 8176 8220 8258 8303 8314 8325 8357 8366 8375 8398 8441 8446 
	}
	manpower=2345678        
	buildings_max_level_factor=1.000
	history={
		owner=SIB
		add_core_of=SIB
	}
	state_category = rural    history = { buildings = { infrastructure = 2 industrial_complex = 1 } }
}
