state={
	id=569
	name="STATE_569"
	provinces={
		209 373 421 491 506 603 664 677 729 766 791 795 802 806 877 996 1052 1186 1195 1227 1264 1363 1445 1516 1769 1810 1840 1882 1946 2115 2447 2473 2574 2667 2768 2796 2846 2852 2872 2929 2965 2990 3006 3119 3182 3197 3412 3457 3463 3468 3469 3572 3604 3727 3836 4063 4229 4235 4265 4270 4469 4528 4629 4685 4694 4738 4759 4894 5005 5021 5062 5238 5247 5311 5371 5431 5580 5678 5711 5798 5809 5821 5869 5887 6064 6160 6161 6190 6205 6217 6229 6308 6357 6387 6456 6684 6749 6889 7189 7211 7402 7408 10451 10466 10479 10506 10579 10584 10603 10615 10630 10641 10653 10658 10669 10673 10700 10729 10747 10757 10769 10801 10804 10808 10842 10860 10861 10898 10911 10912 10937 10956 10961 10985 11011 11016 11017 11018 11053 11077 11101 11117 11143 11149 
	}
	manpower=2456576       
	buildings_max_level_factor=1.000
	history={
		owner=ALG
		add_core_of=ALG
	}
	state_category = rural    history = { buildings = { infrastructure = 2 industrial_complex = 1 } }
}
