state={
	id=590
	name="STATE_590"
	provinces={
		117 196 200 633 1056 1077 1223 1329 1390 1420 1434 2462 2772 2802 2812 2988 3128 3137 3148 3195 3263 3327 3428 3562 3748 3788 3894 3903 4008 4108 4225 4566 4648 4744 4746 4770 4983 5442 5637 5654 5803 5811 5850 5978 6107 6122 6164 6178 6250 6285 6449 6616 6640 6679 6919 6977 7132 7202 7294 7324 7391 10485 10524 10547 10566 10606 10631 10649 10675 10706 10714 10730 10731 10735 10762 10767 10771 10772 10784 10791 10796 10812 10815 10839 10862 10863 10878 10889 10890 10891 10934 10941 10972 10983 11054 11055 11087 11125 11126 
	}
	manpower=6576678        
	buildings_max_level_factor=1.000
	history={
		owner=SAU
		add_core_of=SAU
	}
	state_category = town    history = { buildings = { infrastructure = 3 industrial_complex = 2 } }
}
