state={
	id=6
	name="STATE_6"
	provinces={
		175 182 195 222 242 259 273 305 462 509 515 626 651 656 667 674 711 756 772 786 792 897 950 976 1035 1112 1156 1158 1207 1239 1320 1493 1502 1624 1639 1676 1712 1811 1836 1867 1879 1961 1988 1990 2093 2212 2224 2350 2474 2534 2642 2673 2690 2828 2840 2842 2845 2896 2928 2941 2960 2977 3019 3111 3136 3152 3157 3190 3450 3460 3493 3545 3597 3618 3741 3814 3893 3934 4037 4152 4201 4217 4254 4266 4384 4431 4644 4659 4762 4824 4838 4961 4975 5078 5165 5282 5418 5469 5548 5577 5709 5720 5739 5742 5991 6222 6226 6237 6274 6321 6327 6463 6496 6539 6559 6896 7171 7233 7286 7562 7579 7595 7603 7617 7625 7626 7632 7637 7645 7663 7667 7668 7690 7697 7715 7717 7720 7727 7732 7737 7751 7752 7765 7771 7779 7783 7812 7816 7830 7836 7842 7855 7864 7872 7873 7887 7888 
	}
	manpower=1354456       
	buildings_max_level_factor=1.000
	history={
		owner=RUS
		add_core_of=RUS
	}
	state_category = pastoral    history = { buildings = { infrastructure = 1  } }
}
