state={
	id=606
	name="STATE_606"
	provinces={
		4 39 104 212 256 385 552 569 762 777 962 990 1068 1079 1248 1310 1693 1771 1862 1905 2125 2173 2181 2201 2330 2384 2402 2504 2528 2599 2918 3114 3267 3858 3890 4043 4181 4387 4486 4699 4780 5008 5111 5159 5221 5277 5296 5424 5535 5593 5672 5776 6039 6044 6245 6312 6461 6719 7020 7043 7097 7288 7314 7394 7480 10597 10604 10648 10666 10684 10698 10717 10721 10770 10783 10795 10817 10837 10838 10846 10852 10853 10868 10872 10876 10888 10899 10904 10939 10945 10949 10950 10969 10978 10994 10997 11012 11019 11041 11046 11082 11172 
	}
	manpower=6875546        
	buildings_max_level_factor=1.000
	history={
		owner=LBA
		add_core_of=LBA
	}
	state_category = rural    history = { buildings = { infrastructure = 2   } }
}
