state={
	id=668
	name="STATE_668"
	provinces={
		21 186 210 668 716 936 1274 1377 1480 1557 1572 1683 2006 2069 2211 2481 2565 2711 2790 2901 2950 3292 3631 4068 4132 4248 4285 4342 4401 4509 4786 5216 5248 5565 6059 6561 6614 6632 6761 6843 7338 11094 11103 11109 11132 11137 11144 11145 11152 11158 11176 11192 11200 11206 11214 11223 11224 11235 11241 11242 11275 11282 11289 11306 11315 11323 11352 11360 11368 11375 11398 11407 
	}
	manpower=4978678        
	buildings_max_level_factor=1.000
	history={
		owner=NGR
		add_core_of=NGR
	}
	state_category = rural    history = { buildings = { infrastructure = 2 industrial_complex = 1 } }
}
