state={
	id=693
	name="STATE_693"
	provinces={
		40 67 243 379 436 501 543 629 650 681 856 860 891 987 1099 1197 1198 1309 1368 1459 1649 1696 1757 1767 1774 1803 1818 1890 1904 1947 2032 2067 2110 2119 2194 2202 2221 2347 2395 2401 2484 2494 2502 2562 2573 2582 2628 2645 2646 2706 2954 3145 3293 3333 3362 3414 3438 3508 3602 3769 3786 3827 3833 3874 3960 4031 4047 4079 4081 4082 4092 4147 4208 4444 4548 4633 4732 4751 4903 4948 5187 5281 5417 5545 5581 5631 5642 5783 5820 5834 5910 5945 6070 6393 6750 7006 7066 7079 7087 7284 7342 11247 11267 11285 11291 11322 11363 11372 11379 11383 11386 11387 11410 11416 11421 11432 11441 11445 11451 11466 11471 11476 11477 11485 11490 11502 11509 11510 11521 11543 11545 11551 11552 11565 11566 11579 11580 11595 11596 11602 11618 11626 11627 11636 11639 11650 11654 11655 11671 11672 11677 11680 11681 11692 11694 11696 11704 11711 11716 
	}
	manpower=9435324        
	buildings_max_level_factor=1.000
	history={
		owner=AMA
		add_core_of=AMA
	}
	state_category = pastoral    history = { buildings = { infrastructure = 1  } }
}
