state={
	id=7
	name="STATE_7"
	provinces={
		63 261 324 496 512 524 857 921 952 1072 1245 1346 1366 1403 1543 1585 1729 1874 2079 2087 2261 2323 2533 2672 2693 2715 2894 2986 3075 3124 3153 3183 3313 3397 3555 3598 3646 3697 3703 3803 3939 3982 4011 4177 4251 4301 4407 4449 4450 4550 4603 4701 4808 4857 4978 4996 5059 5338 5630 5876 5943 6102 6354 6486 6599 6601 6784 6956 7172 7173 7234 7298 7325 7382 7554 7569 7581 7590 7596 7604 7609 7631 7646 7650 7664 7665 7683 7695 7708 7713 7716 7719 7725 7728 7742 7744 7763 7780 7792 7802 7803 7804 7835 7840 
	}
	manpower=789678        
	buildings_max_level_factor=1.000
	history={
		owner=SIB
		add_core_of=SIB
	}
	state_category = pastoral    history = { buildings = { infrastructure = 1  } }
}
