state={
	id=703
	name="STATE_703"
	provinces={
		98 229 244 250 386 624 804 882 1131 1184 1202 1743 1772 1782 2019 2184 2396 2554 2564 2650 2709 2847 2998 3310 3482 3492 3512 3624 3648 3689 3852 3933 4026 4044 4440 4636 4839 4916 4986 5109 5231 5615 5686 5864 6335 6415 6441 6553 6693 6946 7010 7239 7439 7513 11349 11374 11380 11417 11426 11430 11433 11462 11469 11479 11480 11482 11494 11500 11501 11516 11532 11533 11541 11560 11564 11576 11591 11614 11621 11622 11638 11647 11656 11666 11684 11700 11701 
	}
	manpower=23465576        
	buildings_max_level_factor=1.000
	history={
		owner=SUD
		add_core_of=SUD
	}
	state_category = large_town    history = { buildings = { infrastructure = 4  industrial_complex = 3 } }
}
