state={
	id=709
	name="STATE_709"
	provinces={
		58 214 302 592 1116 1159 1242 1292 1600 1770 1795 1956 2039 2081 2436 2444 2455 2457 2696 2997 3088 3232 3278 3289 3706 3773 3895 3911 4020 4046 4107 4443 4609 4705 4709 4981 5169 5382 5599 5688 5699 6088 6128 6185 6517 6671 6924 7002 7373 11396 11420 11427 11434 11449 11474 11481 11495 11530 11554 11562 11581 11590 11592 11610 11615 11641 11648 11653 11670 11676 11726 
	}
	manpower=56687798        
	buildings_max_level_factor=1.000
	history={
		owner=ETH
		add_core_of=ETH
	}
	state_category = large_city  history = { buildings = { infrastructure = 6 arms_factory = 1   industrial_complex = 5 air_base = 1 } }
}
