state={
	id=781
	name="STATE_781"
	provinces={
		135 146 238 562 662 685 721 981 1718 1738 1831 2018 3320 3504 3550 3968 4069 4161 4241 4324 4382 4521 4601 4843 5057 5088 5094 5237 5321 5365 5426 5476 6280 6338 6497 6649 7423 11875 11894 11902 11930 11948 11955 11968 11971 11975 11977 11980 11989 11991 11998 12018 12019 12023 12033 12036 12039 12040 12056 12066 12075 
	}
	manpower=12809678        
	buildings_max_level_factor=1.000
	history={
		owner=COG
		add_core_of=COG
	}
	state_category = large_town    history = { buildings = { infrastructure = 4  industrial_complex = 3 } }
}
