state={
	id=797
	name="STATE_797"
	provinces={
		319 446 490 529 583 628 967 1268 1293 1302 1461 1466 1507 1646 1885 1948 2071 2182 2498 2608 2760 2811 2956 2973 3207 3273 3388 3621 3637 3695 3784 4153 4328 4417 4522 4944 5064 5254 5655 5731 5778 5779 5835 6378 6403 6524 6728 7051 7354 11990 11992 11996 12008 12032 12046 12047 12050 12060 12064 12065 12072 12073 12079 12086 12089 12092 12097 12102 12103 12106 12123 12131 12148 12157 
	}
	manpower=12576678       
	buildings_max_level_factor=1.000
	history={
		owner=ANG
		add_core_of=ANG
	}
	state_category = large_town    history = { buildings = { infrastructure = 4  industrial_complex = 1 } }
}
