state={
	id=8
	name="STATE_8"
	provinces={
		31 54 69 96 159 171 206 220 234 341 419 444 589 730 965 983 1029 1123 1282 1526 1544 1593 1630 1660 1877 2472 2519 2745 2755 2759 3042 3235 3265 3358 3830 3984 4159 4173 4243 4442 4463 4542 4592 4812 4847 5362 5457 5533 5619 5643 5690 5732 5797 5917 6069 6108 6300 6381 6469 6589 7009 7061 7131 7289 7556 7558 7561 7582 7602 7610 7618 7635 7647 7681 7703 7709 7746 7747 7766 7778 7809 7838 7848 7854 7900 7958 7964 7988 
	}
	manpower=4235600        
	buildings_max_level_factor=1.000
	history={
		owner=CAN    
		add_core_of=CAN
	}
	state_category = pastoral    history = { buildings = { infrastructure = 1  } }
}
