state={
	id=817
	name="STATE_817"
	provinces={
		1375 1547 1794 1815 1923 2001 2105 2168 2223 2263 3026 3084 3105 3120 3194 3361 3399 3580 3812 3846 3855 3938 5073 5283 5347 5367 5390 5613 5666 5936 6731 6816 7112 7150 7417 12080 12110 12113 12132 12139 12140 12161 12164 12177 12178 12189 12200 12205 12217 12221 12236 12250 12253 12265 12282 12284 12290 12291 12294 12315 12330 12335 12343 12347 12365 
	}
	manpower=4576678        
	buildings_max_level_factor=1.000
	history={
		owner=AST
		add_core_of=AST
	}
	state_category = large_town    history = { buildings = { infrastructure = 4  industrial_complex = 3 } }
}
