state={
	id=824
	name="STATE_824"
	provinces={
		94 304 369 395 540 558 573 731 737 831 865 870 934 1012 1241 1341 1538 1779 1783 1979 2131 2213 2219 2250 2369 2388 2405 2431 2556 2604 2688 2689 2749 2787 2832 2853 2897 2912 2916 2993 3047 3316 3480 3496 3696 3793 3824 3906 4098 4148 4164 4198 4206 4210 4287 4309 4330 4511 4562 4602 4664 4768 4836 4921 4928 5043 5076 5093 5183 5219 5291 5323 5532 5569 5617 5618 5677 5700 5706 5748 5817 5849 5874 5898 5944 6016 6055 6086 6129 6140 6141 6177 6198 6232 6263 6284 6305 6318 6583 6588 6680 6823 6865 6940 7007 7077 7109 7117 7181 7218 7322 7369 7463 7478 7526 12188 12194 12195 12199 12201 12203 12208 12210 12211 12215 12218 12222 12227 12229 12234 12235 12245 12246 12249 12258 12260 12261 12262 12267 12270 12276 12277 12281 12286 12289 12293 12297 12299 12303 12304 12306 12307 12308 12309 12312 12313 12316 12317 12322 12326 12328 12329 12331 12334 12336 12337 12338 12340 12344 12348 12350 12361 12368 12369 12385 12409 
	}
	manpower=3654756        
	buildings_max_level_factor=1.000
	history={
		owner=AST
		add_core_of=AST
	}
	state_category = rural    history = { buildings = { infrastructure = 2   } }
}
