state={
	id=855
	name="STATE_855"
	provinces={
		3 30 36 132 173 189 194 240 404 405 413 425 427 445 521 785 817 858 881 890 989 1057 1149 1153 1176 1287 1353 1412 1425 1443 1554 1606 1647 1744 1752 1844 2059 2114 2160 2205 2307 2341 2360 2409 2415 2594 2611 2614 2631 2651 2697 2700 2707 2717 2792 2793 2803 2804 2843 2906 2925 2939 2979 3202 3249 3304 3366 3408 3420 3466 3497 3524 3610 3632 3645 3659 3676 3708 3721 3750 3758 3802 3809 4339 4351 4358 4415 4647 4752 4821 4844 4853 4987 5019 5079 5118 5134 5152 5179 5215 5351 5374 5388 5432 5663 5676 5707 5918 6295 6351 6369 6450 6510 6545 6628 6758 6873 6926 6935 6978 6979 7073 7199 7248 7413 7428 7467 7477 7496 7497 7537 7559 7560 7566 7575 7583 7584 7592 7600 7607 7612 7623 7629 7630 7636 7653 7657 7661 7669 7672 7673 7674 7685 7686 7698 7699 7700 7704 7707 7718 7723 7745 7754 7755 7769 7785 7786 7797 7801 7822 7823 7825 7828 7832 7843 7844 7851 7857 7861 7867 7890 7897 7918 7956 7968 
	}
	manpower=1567678        
	buildings_max_level_factor=1.000
	history={
		owner=SIB
		add_core_of=SIB
	}
	state_category = pastoral    history = { buildings = { infrastructure = 1  } }
}
