state={
	id=856
	name="STATE_856"
	provinces={
		130 165 455 470 503 576 584 599 611 723 992 1142 1172 1367 1601 1939 1940 1949 2045 2164 2188 2313 2378 2392 2454 2536 2761 2771 2805 2937 3054 3058 3077 3266 3449 3620 3718 4212 4315 4352 4488 4621 4772 4828 5086 5117 5186 5526 5626 5664 5723 5745 5881 6007 6144 6273 6313 6511 6552 6793 7093 7164 7256 7904 7924 7945 7962 7963 7969 7974 8009 8032 8045 8048 8054 8077 8083 8087 8090 8097 8111 8118 8142 8205 8206 8221 8245 8247 8298 8304 8348 8349 8418 8442 
	}
	manpower=1789678       
	buildings_max_level_factor=1.000
	history={
		owner=SIB
		add_core_of=SIB
	}
	state_category = rural    history = { buildings = { infrastructure = 2   } }
}
