state={
	id=86
	name="STATE_86"
	provinces={
		93 400 473 616 1013 1107 1246 1339 1427 1613 1739 2065 2130 2379 2530 2544 3421 3541 3869 3883 3913 3974 4213 4343 4386 4405 4735 4999 5715 6062 6239 6317 6352 6723 6819 7270 7320 7388 7407 8180 8184 8190 8197 8201 8209 8222 8223 8227 8233 8234 8241 8248 8252 8253 8254 8262 8270 8275 8282 8287 8290 8291 8295 8313 8331 8332 8334 8346 8367 8376 8377 8391 8414 8438 8439 8443 8462 8494 
	}
	manpower=8769880      
	buildings_max_level_factor=1.000
	history={
		owner=OCH     
		add_core_of=OCH
	}
	state_category = town    history = { buildings = { infrastructure = 3   } }
}
