state={
	id=963
	name=STATE_NAME_0963
	manpower=7099919
	state_category=state_4
	history={
		owner=CHI
		add_core_of=CHI
		victory_points={12812 20}
		victory_points={12802 2}
		victory_points={13121 8}
		victory_points={12980 5}
		victory_points={13007 1}
		buildings={
            infrastructure=3
            military_complex=1
            civilian_complex=2
        }
	}
	provinces={12545 12663 12683 12699 12700 12716 12741 12742 12754 12755 12756 12777 12780 12786 12791 12795 12802 12806 12811 12812 12817 12827 12833 12838 12844 12845 12846 12847 12855 12863 12867 12876 12883 12887 12890 12898 12899 12908 12909 12913 12914 12923 12930 12931 12942 12943 12948 12949 12955 12961 12963 12966 12980 12983 12993 12996 13007 13013 13014 13021 13030 13031 13034 13042 13043 13058 13064 13067 13077 13083 13103 13121}
}